$ANSIBLE_VAULT;1.1;AES256
38643662393161323931366565363536356363316361363762383166356531303964353935643538
6464346637306136373130306338373339373036383264640a666531306435626230333464613764
36653237653963386566353562653132623238333064366363333236306330633636366363386662
6632303831393438380a663335346435376438626531376165666536333432313636343962363763
32373036306365623462626664646264656666313337653531343637656663646531323463313437
31353531303835633433353336626335653537666233326432373434343037313531626262386431
38346130353864313965393863613965653865303164353862663831653664646366626162313138
66386162353535303731633166303736666637663261656138393431303734663765343434323838
66303234633634663462666266346463326632326635393865613961313162363963636133613137
63386531376635356436323863303837663239656131386332353465353133343561663263616566
66376132633131343562393962623163663339643231303733373935343837323233626464303466
35646262623266633535666164393736333862636130363566633435663132313934636639346332
61663834653235303063396636323835633139326139323030313166376564323739306264363734
63396530616263626433613164663963666165396436643834313961313963376264393535666166
66633761663264323930353434336331623134663937356166393531303033613265313532326431
33323735333235643237343664376363666664633866636636636335626665636337346530333930
33636661646264613237386338646538656337343566393866666261663039623838666134383630
33616431383439396338383865623733333038343533663337313066646135666533393331643465
36656132303264346563613366613737363662356266376363616164326266386139626565623233
63386261303430633666353732333435353761383166353561323264396530383634363961353565
34636665653039616261333239616131623638396630393236303832653430643733633864303265
31333533356262393834393764376661633034353333376538336462353565336331636332613464
64363432383033643032646138346266353337626566656530646430356666626433633839663538
32303034336636383333353234613230376230396338376131316232643838323636393536366633
33646330643763376638613966613666333533303064663766363164343632326132663932643631
65623434663433316137376163326634626366333131616366663336646564636536313631643064
61613138343864363864376636363063396563393935613461626434376133363835356339393339
64613633346538343762323233613932336462316431613464653162326531333135393333643065
36336366613537363832613534636665346563646236363638613938666337623930636332316330
66653762373966366437633539393839393662643531376238613430663565653233643366613234
35353839646662316236643766636538393563303961656565303233616239633830656261653439
65373935346636316638333832323662323732336663663130343232306663366464396631396466
32653563396162373036366530333666343839303637666338373431656534653362333461306532
37616664653632613932373235396664353038386462636364636362653238643233656465376463
63623036323930643966306666633538346265623733313463393839333361653531343336656135
63623964623830386262643837356465633232376539626639393139613031653032663261376333
35623337383463613637653139663262303664343164613161306135373932366433653561353530
31363235323735323732326332323664656265313239313133356137333635653039356232373738
61663164366338336364353566636139303333323839306437333735343261396163303738383366
31373635383539373062653536656166383739623530643034306565373266366231356237633331
39346663346535346137306530346435663233653834383561373062666234396466613832636130
30633562666135363131366532396364363662323434393237356336336262653131653137643839
33393965623938633235633432636461353262333138666339616531653735323733303631653139
66333932313465663730653661643633343164663631316639346166336266356432633838313764
62383930343564666330643930363961303330383966333464613835336163383631383766383062
36336233306632633634323030306561363834653335353466383530396465643266623631663933
65333765636432353530383532653062636132633538646237356561366131383962353664393632
62303136366666653137643565653437383264323637643361363864613264393363666336316563
30323661643831356564646630363439356336353336653736343362383936626161663936616631
33633137636566353239636531303663663465373666643866643962313730376366666264313366
34363764333432373966363538393131666534353333316235623233666539393932373835366163
35363136386262653134346130363238353730383135316632346165633764363938663862366239
36393136663863346265653965333931363736353535656264363431383130316665326236633764
38336439646362663163656332336337343337656332366632323562333138643435613439613133
39343631643834613133313131623066646237313138313934386162666565373438626531656663
65366233363263396639633832326266303830383236393264386234646230383834366634633331
38666664393563623839626361333064316331336439313130326466653638326535343839346238
64353063333530356264313363363832366134333532646236346662366336616462303430323061
37643831373935356330366565333163613136653938343664316134326532366631623733326165
65383238653431396366626264346137643461353963373561303462633438383234643531396632
62613639363261316361366364356266333961323134643839306362343565366137383934373534
65363138356462303464643534623333356363326535383361613531363831363463306261343763
36623963643262636662666238633530623264313763313966313839636466663265393033336533
32386532333035353261313765653162343462346164316232623833313932383734316632313166
63323835313438306430663835653930326237663836623264666534653435373837393363316236
61333734376361643833386266353863363566346364323664646335323934363936343666323536
36323632653035313233326165363238326130336265616662343662366332363631323366353533
38393838303033663733643138363331363735626234636639353532323936346436386264333963
66386237383136313634626233343661373735353631363430336535613563336236306265336461
31316565616437306365383232386165373731303465356163616265303930393934343364353531
33626162393265383835623033306566376331633038653262306261376166613138626637313038
32373966633831366634343962363563396635393938636536313537383536303934663937653530
38316437373933323831303363346666333731383636616334326562393865333464326164306364
61316630616530343036613339633531386632316232306161313039383363333566373562633664
61393964346539343861343231393663616638336663383535356139343430356637373634663735
33396231323561666565313361306430663133306464653532313734666632333366663365623162
34353836313638346261313731386533383137313937656162333333353863323966643530656437
65313465343762636364323465333230346664363132366135333964316461346230656462636262
37656163326561366562613233643033373633666264386339313934653833343436343666333765
30306562616333396661626261313734633164366235326666656335303261373734393934356338
30353436333338313766636434633936313763396131316230353666666366353961656439633638
61336133313631303237376466636136646663383433633534396134376437323962653966643263
61636330643034353233336264323966616635313364336565363161306664643065613265636565
31333462313735333761353137396130336563376463643233636332333834633162643631303332
63343930353135306433666562313661363033393636363737623630633566633532386365316634
31353536643132376230323132643932636261623932656639366337343763386265643633373861
39303363326434623438373435393738653637653461613065663562353235623462383336643835
66613366633537663135303563333930633862636634653234333736393364386563643430323132
63353865366461343664613632343738343065323730613536333539363335323765396134623036
31633734666631363163373733616663353163313937363366633231316637656130353133393035
61393133636263663832633363663633643934353134623132666662653066643161396635633761
39646666356461613639656363623134303464656633366332366532313762363130646635613434
31396661323136366263626139373561303939353839393463306635353739313931663336353162
62393238663138323738653263323166306534303139333332386364623339656236363432663866
30356631386333303239323062366461323763373639313936613537363437653666353037623065
61383634306236633037343162313233646232633837643938633861356338306166633237326466
61613330393034313837373562653261303561303739656633663135363333616438316539343834
62393537333531306133306663646439386231333833303664313061633665613163386434663636
61303930653165316633353539323161643064323835353438653934633430333163653230323039
37616130303631336532376435346366613734373839303534633935313031336239323561643634
64616161336463626533646131353933336365646137613738363638336236663131356430623138
62623930323335306636386533656539623538366464376436616637613664393465633733313432
39373566343032333937663937306464393536656136633237653330303239356662633438643539
61383433323835306165376139656434663639636439643964393435633531636237323431323561
37373538393066373638653162373966623533323431366561313661376632646436663032396566
32323036336564616339653965663533613464653535653764346263316639316465383233386536
64653039306639623866666162396339633738636661323466313433663739333233363132633033
34393664333365666434633139666665393138366630346630303966353939346131623265663633
30373466623962656333663761343634623430353566616332613562656661656163666564396138
39356164343737613664653931306336316537363439346165333134386665366338346132333135
64633261373437643039363666626462366332313638633635323062633261323566313639663732
61333333393865333162653036623232313762303538663436626461623162366464396135363163
61363837323936343666356634396330623263636665633833383535323537303366616362316537
30333463643966346363363764383761303333626233646633376431326461396437396239306236
32376561346364656662396365633763383063623262646530386364386538656634343437343238
39666336353166346465326536313461353135326432636461613163643463323734316563393264
30663234633835366566616537346630303836373065326363656664386435383364346165663237
39383131313633346539663537393762653232343832356565616366663365373966346566366366
38626566653035623131666566646362613761663839323936356233613132646664353134326461
64616334633832663933633832656135366265323564636331643732646133306136616630623665
61306464613464613737613466323065646436663332386535366365303935633637616662356539
37623964643564336237613736393761616137623037353931623831343264393536313535333662
64353266666163343134323739323935613661393833356361363266323330353665373739346463
32353234346137383835333830616566336535323836633263333863333836326261326530616335
39373436396264346364373138643030353362633635383238393565323764393339663861623134
38396361653330383739333938613837306636346335333938313463633537323037623935363366
30343836626563663734343733343863366330663863303062636666336436616534656364366134
30613039636433396636386266383332646465353035353937353131346435613833623362643934
64613366303263336632626634303735353332303164383630663664633165613537346430383234
61373961656564633830396236356236616364393965663339666632323539326162326233653534
37626464326462346366663432396263363235613466373036326435643930616431663266333864
63623338623235626237346463663863316533633330383464633662666534623633666139653837
34663933353266613734376338386164653765326631393530306330373034616334383934343333
39393134393165306636373431356235316336656665613037303535393561306230356337343731
34653839643235386261353766373365396333643033623037353465616663326637646663343939
30633964616265323162366233373761646237316365643466303634616534636433393064353631
33373531363335303034646639613637336266666436613765383261613833383139626161623636
63303264383564333963666162363834303538636231323233363231653832303131356634353862
63356234656362313965663836373665353663393334656332363832663333363834616565313663
34623664346265653839613563393464616237393637323035626663623137373262363463373764
65653930376231613065333332653136323966306566303665643239393039323562366637393335
32353563343264626462653365666138633664363836323738336335653133356266303831393739
32363236393561653436323636626133386339393637613433306232623533363639616233333438
34386361373636386639353163363763316636386439356432386664316533346165353231353836
63653036313336363565643661356435646166643533346530373661623265656131653565653431
65646632613631333435343631646232666461363336323466343338323433643331376661643262
65353665393436636533666662343963363365303633343630313135666361623664633663366362
62663234656530323063383235313039343031386338323764333936316138353435623136396134
66616136636262323238613537393065333933353239313763336265353439306266353833346436
34623135646634396231656164383139633630326530363437373661313565336564383633653763
34356130666537373532366331363263316336656534373866393335356464383032323838626162
61373736356532393430323138306663353331653336336630643035353064653633623231643334
64323838396362636632323632366663663039386433346534386366393730336230326534356530
38386137303435346530646331326434386433666566323233623165366661373232663338646561
64346364653638306637336530333636323030633966613235373435396532333637633937346135
33396635313761333365343962363538633366363962313334646131613933323937656330396463
36333630613731323737343263316264663639613534316566313863363065343065383465626164
61393565663336663333653932363736353833376266653264363066626436316564356562323934
62613934663436666436626166323337383262643665366334643364393035303030363830323865
34343836623139323861633865613438343966326361373938663963383763323038313461366439
37393361343963376163646532643137663566393564653436393264383138663163653433313063
62396661366433626566393961376164363336636561313637306161393462346236633366643562
64306337383733633132393532643536663536333434346166333034626663326563343265663761
65633130646439356165376566303134393638363936313435663465323938326130326235633138
61313037666664333465653836626361316264373531623632386230633132313738353165346262
61323630386163323362353431383339643637633238313261333064353563326137393534613136
64626438306262623965343639653963666430383466633438356339373735623531633863613631
36366338346666616337626236376666633764353263643636643432636335356631386535666437
39316431313263383834383333336439636637306433646262353065633033633361646166356336
32343963363833643262343062373864636235323863306163613161386636653037623661613861
33646338626165366162643632616534666338386536643133373032326130333932666431306132
65323435613962306630316537373939613864393563336661333936633834663336343933333837
66613963353739646230626538643035646166353433666662303864356235343632666139623236
6462396366343337363939663165333136356138636364376536
